% Bai 2.13 C?ng và nhân 2 tín hi?u
x1=[1 -1 2 3 -2]
x2=[-2 -2 1 1 -4]
y1=x1+x2
y2=x1.*x2

